2
3
4
5
6
9
11
12
13
14
15
16
17
18
19
21
22
23
24
25
26
27
28
29
30
31
32
33
35
38
39
40
41
42
43
44
45
46
48
49
50
51
53
54
55
56
57
61
62
63
64
67
68
69
70
71
72
73
74
76
77
79
80
81
82
84
86
87
88
89
90
91
92
93
94
95
96
98
99
100
102
103
104
105
106
107
108
109
118
119
120
124
125
126
127
128
129
130
133
143
145
146
147
148
149
150
151
154
155
159
162
167
168
169
170
171
172
173
178
181
182
185
186
187
188
189
190
191
192
193
194
195
196
197
198
200
202
203
204
205
206
207
208
209
212
213
214
215
216
217
218
219
220
223
224
225
227
228
229
230
231
232
234
238
239
240
241
242
243
244
246
247
248
249
250
251
252
253
254
255
256
257
258
259
260
261
262
266
267
269
270
274
279
281
283
288
289
291
295
298
299
302
303
304
305
306
307
308
310
311
312
313
314
315
316
317
318
319
320
321
323
324
325
326
327
328
329
330
331
332
333
334
336
337
338
340
341
342
344
345
346
352
353
354
355
358
359
360
361
362
363
364
365
371
377
392
396
397
398
399
401
402
403
404
405
406
407
408
409
410
411
413
414
415
416
417
418
419
420
421
422
423
424
425
426
427
434
435
442
447
450
453
454
455
456
458
459
460
461
462
463
464
465
466
467
469
470
471
474
475
479
487
490
492
493
494
495
496
497
501
502
508
515
516
517
518
519
521
524
525
526
527
528
529
530
531
533
536
543
545
546
548
549
551
552
553
554
555
557
559
563
567
573
574
577
579
582
584
586
587
588
589
590
592
593
594
595
596
597
598
599
600
601
602
603
604
605
606
607
608
609
610
612
613
614
615
616
618
621
622
623
624
626
629
631
633
635
638
639
640
641
642
643
645
646
647
648
650
651
653
654
655
656
657
658
659
661
662
663
664
665
666
667
668
669
670
671
672
675
677
678
679
680
681
682
684
686
690
691
692
694
697
699
700
701
702
703
705
706
707
708
709
710
711
712
713
714
717
718
719
720
721
722
724
725
726
727
728
729
730
732
733
736
737
739
741
742
743
744
745
747
748
749
750
751
752
753
755
756
757
758
759
760
761
762
763
766
767
768
769
770
771
772
773
774
775
776
777
780
782
785
786
787
788
789
791
792
793
795
796
797
798
799
801
802
803
804
805
806
809
810
811
812
813
814
815
816
817
818
819
820
822
824
825
826
827
828
830
831
832
833
834
835
836
840
841
842
843
844
845
846
847
848
849
850
851
853
854
855
861
862
863
865
866
867
868
869
870
871
872
873
874
875
876
877
878
881
886
887
888
889
890
893
894
895
896
900
902
903
906
907
908
909
913
914
918
919
921
922
923
924
925
926
927
930
931
936
939
940
943
944
945
948
950
951
953
957
960
961
963
964
966
967
970
972
975
977
979
980
981
982
983
985
986
987
988
989
990
992
993
994
995
996
997
999
1000
1001
1002
1004
1005
1007
1008
1009
1010
1011
1012
1013
1014
1015
1016
1017
1019
1020
1021
1022
1023
1024
1025
1026
1027
1028
1029
1030
1031
1032
1033
1034
1036
1037
1038
1039
1040
1041
1044
1045
1047
1048
1049
1051
1052
1053
1055
1056
1057
1059
1060
1061
1062
1063
1066
1067
1068
1069
1071
1072
1073
1074
1075
1076
1078
1079
1080
1081
1082
1083
1084
1085
1086
1087
1088
1089
1090
1091
1092
1094
1096
1099
1100
1101
1103
1104
1106
1109
1110
1114
1115
1116
1117
1118
1119
1120
1121
1122
1123
1125
1127
1128
1129
1130
1131
1132
1133
1134
1136
1142
1143
1144
1145
1146
1147
1148
1149
1155
1156
1158
1160
1161
1162
1163
1164
1165
1166
1167
1168
1170
1171
1173
1174
1175
1179
1180
1181
1182
1183
1184
1185
1187
1189
1193
1195
1200
1201
1202
1203
1204
1207
1208
1209
1210
1211
1212
1215
1216
1217
1221
1222
1223
1224
1225
1227
1228
1229
1230
1231
1232
1233
1250
1251
1252
1253
1254
1255
1256
1262
1263
1264
1265
1269
1270
1271
1273
1274
1275
1276
1277
1280
1281
1282
1283
1284
1285
1290
1291
1292
1293
1294
1295
1296
1298
1300
1301
1303
1305
1306
1307
1308
1309
1310
1311
1312
1313
1314
1317
1321
1322
1323
1324
1326
1327
1330
1331
1332
1335
1336
1337
1338
1339
1340
1341
1342
1343
1344
1345
1346
1347
1348
1350
1351
1352
1353
1354
1355
1356
1357
1358
1360
1361
1362
1364
1365
1367
1368
1370
1371
1373
1376
1377
1378
1381
1382
1384
1385
1386
1389
1390
1391
1392
1393
1395
1396
1397
1398
1399
1401
1403
1405
1406
1407
1408
1409
1410
1411
1412
1413
1414
1415
1416
1417
1418
1419
1421
1422
1423
1424
1425
1426
1427
1428
1429
1430
1431
1432
1435
1436
1437
1439
1442
1443
1446
1447
1450
1452
1453
1454
1456
1457
1458
1459
1461
1462
1463
1465
1466
1467
1473
1475
1476
1477
1478
1479
1480
1481
1483
1484
1485
1486
1487
1488
1490
1491
1492
1493
1494
1495
1497
1498
1499
1501
1502
1503
1504
1505
1506
1508
1509
1510
1512
1518
1521
1522
1524
1526
1527
1528
1529
1530
1536
1537
1541
1545
1546
1547
1549
1550
1551
1553
1554
1556
1557
1559
1562
1565
1574
1575
1576
1577
1580
1582
1584
1585
1588
1589
1590
1593
1598
1599
1603
1609
1610
1614
1615
1619
1620
1623
1624
1625
1628
1629
1630
1633
1634
1640
1641
1642
1643
1644
1648
1650
1651
1652
1662
1663
1664
1665
1667
1676
1678
1681
1682
1684
1685
1687
1689
1694
1697
1698
1700
1701
1702
1704
1708
1711
1712
1713
1715
1716
1719
1722
1723
1736
1745
1752
1753
1755
1756
1757
1761
1762
1766
1768
1769
1771
1773
1776
1786
1789
1791
1794
1799
1802
1803
1809
1812
1813
1815
1817
1818
1819
1822
1824
1828
1831
1833
1835
1836
1837
1840
1841
1844
1845
1852
1853
1854
1858
1859
1860
1865
1866
1867
1880
1882
1883
1884
1889
1890
1894
1895
1897
1898
1901
1904
1905
1906
1909
1911
1912
1913
1915
1916
1917
1919
1920
1924
1927
1929
1931
1935
1936
1939
1942
1946
1947
1948
1949
1951
1953
1956
1957
1959
1960
1963
1964
1966
1967
1969
1970
1973
1974
1976
1977
1978
1980
1983
1992
1993
1995
1998
1999
2001
2002
2004
2007
2009
2011
2012
2014
2015
2016
2019
2020
2022
2024
2026
2028
2031
2032
2033
2034
2035
2037
2040
2041
2046
2047
2049
2053
2054
2058
2059
2060
2062
2063
2064
2065
2066
2067
2071
2072
2073
2076
2078
2079
2081
2086
2088
2089
2093
2095
2096
2097
2100
2101
2104
2105
2108
2109
2110
2111
2114
2115
2118
2119
2120
2121
2122
2123
2126
2127
2128
2129
2130
2131
2132
2133
2134
2140
2141
2143
2145
2146
2147
2149
2150
2152
2153
2154
2156
2158
2159
2160
2161
2162
2164
2165
2166
2168
2169
2170
2173
2174
2175
2176
2178
2179
2180
2181
2182
2183
2184
2185
2188
2189
2190
2194
2195
